9816015055
9821011642
9812903060
9842077734
9840420781
9804903895
9815031850
9818812458
9824937911
9815074490
9806077730
9825907329
9803308624
9824933283
9807931060
9804974741
9825927059
9806008780
9811344266
9817022671
9841791664
9807926071
9825952126
9824988945
9816967834
9824933268
9807994700
9815038804
9816079566
9807908112
9815057180
9814088545
9842680088
9825930261
9815030060
9815037804
9807924600
9842070248
9817909018
9825958985
9862617067
9825927094
9815034442
9816922121
9817963889
9825904585
9814019659
9815014039
9804928732
9824035649
9817993209
9816907508
9804944179
9806095615
9808710055
9817013372
9816027884
9807903297
9824953433
9807936110
9817082587
9815067491
9816020496
9814046008
9824074702
9842657943
9824993699
9818021778
9865064021
